541100494976
541100031023
541100407487
541200037698
541100501337
541100577828
541100520921
541100697227
541102317150
541102036725
541100031110
541102083039
541103196141
541100492366
541100569035
541103314229
541100144425
541100455461
541103210558
541103179946
541100048808
541102338270
541100568967
541100577637
541200652597
541100318551
541101832924
541100546420
541103259331
541200651902
541100493852
541100457388
541102741935
541200267356
541100618554
541102522081
541100641754
541101032316
541101710438
541100856593
541102542391
541103229773
541100046462
541101487476
541100399251
541100836305
541101938697
541103618404
541102320016
541101949312
541103534679
541100867001
541102353180
541103351890
541100491634
541100485809
541100457512
541100457504
541102017069
541102511413
541100335578
541100008412
541102117162
541103078492
541200253158
541200648812
541100878322
541102268651
541100340612
541200708607
541103684935
541103908665
541102210283
541101628247
541103086695
541101823042
541103433102
541102751498
541103843128
541100022656
541100527433
541100428802
541100084847
541102350581
541102737651
541100307527
541101411367
541200677946
541103892935
541100407270
541100185423
541103536752
541102495242
541100475800
541103661021
543301864269
541102302452
541103283150
541100475684
541102400846
541102018174
541100341499
541100466439
541103082414
548300529016
541101128620
541100907715
541101784585
541100345577
541100150919
541100491468
541100606024
541103789138
541100315986
541101886396
541100484546
541102012702
541100909017
541200017840
541101998938
541100586093
541100731400
541200202049
541100400655
541102765774
541102348780
548300530732
541100991899
541102906504
541200033481
541103541153
541101907511
541100155513
541100496834
541100815794
541102051875
541100568975
541103503845
541101415054
541200086219
541100477776
541100862033
541101115084
541102607992
541100123822
541100440295
541100886135
541100514167
541101642312
541102522406
541200107928
541102701308
548300529670
541100484388
541101432262
541102765999
541100457579
541100107720
541102108210
541100140130
541100872393
541100081899
541100211565
541101096575
541102210291
541100868427
541100868419
541100322158
541101882674
541103760728
541101837805
541100120331
541102725396
541102238887
541100364922
541200118865
541100611221
541102567678
541100894417
541100497335
541102735440
541101727625
541102096849
541103559724
541103751294
541102667252
541100855421
541100323724
541100662202
541101228126
541100698340
541103814435
548300531311
541100493488